29806015.0484339, 0.000564257538398334
29806015.0884339, 0.00112821403637033
29806015.1284339, 0.00169182559008308
29806015.1684339, 0.002255102872702
29806015.2084339, 0.00281796083657828
29806015.2484339, 0.00338029403332119
29806015.2884339, 0.0035
29806015.3284339, 0.0035
29806015.3684339, 0.0035
29806015.4084339, 0.0035
29806015.4484339, 0.0035
29806015.4884339, 0.0035
29806015.5284339, 0.0035
29806015.5684339, 0.0035
29806015.6084339, 0.0035
29806015.6484339, 0.0035
29806015.6884339, 0.0035
29806015.7284339, 0.0035
29806015.7684339, 0.0035
29806015.8084339, 0.0035
29806015.8484339, 0.0035
29806015.8884339, 0.0035
29806015.9284339, 0.0035
29806015.9684339, 0.0035
29806016.0084339, 0.0035
29806016.0484339, 0.0035
29806016.0884339, 0.0035
29806016.1284339, 0.0035
29806016.1684339, 0.0035
29806016.2084339, 0.0035
29806016.2484339, 0.0035
29806016.2884339, 0.0035
29806016.3284338, 0.0035
29806016.3684338, 0.0035
29806016.4084338, 0.0035
29806016.4484338, 0.0035
29806016.4884338, 0.0035
29806016.5284338, 0.0035
29806016.5684338, 0.0035
29806016.6084338, 0.0035
29806016.6484338, 0.0035
29806016.6884338, 0.0035
29806016.7284338, 0.0035
29806016.7684338, 0.0035
29806016.8084338, 0.0035
29806016.8484338, 0.0035
29806016.8884338, 0.0035
29806016.9284338, 0.0035
29806016.9684338, 0.0035
29806017.0084338, 0.0035
29806017.0484338, 0.0035
29806017.0884338, 0.0035
29806017.1284338, 0.0035
29806017.1684338, 0.0035
29806017.2084338, 0.0035
29806017.2484338, 0.0035
29806017.2884338, 0.0035
29806017.3284338, 0.0035
29806017.3684338, 0.0035
29806017.4084338, 0.0035
29806017.4484338, 0.0035
29806017.4884338, 0.0035
29806017.5284338, 0.0035
29806017.5684338, 0.0035
29806017.6084338, 0.0035
29806017.6484338, 0.0035
29806017.6884338, 0.0035
29806017.7284338, 0.0035
29806017.7684338, 0.0035
29806017.8084338, 0.0035
29806017.8484338, 0.0035
29806017.8884338, 0.0035
29806017.9284338, 0.0035
29806017.9684338, 0.0035
29806018.0084338, 0.0035
29806018.0484338, 0.0035
29806018.0884338, 0.0035
29806018.1284338, 0.0035
29806018.1684338, 0.0035
29806018.2084338, 0.0035
29806018.2484338, 0.0035
29806018.2884338, 0.0035
29806018.3284338, 0.0035
29806018.3684338, 0.0035
29806018.4084338, 0.0035
29806018.4484338, 0.0035
29806018.4884338, 0.0035
29806018.5284338, 0.0035
29806018.5684338, 0.0035
29806018.6084338, 0.0035
29806018.6484338, 0.0035
29806018.6884338, 0.0035
29806018.7284338, 0.0035
29806018.7684338, 0.0035
29806018.8084338, 0.0035
29806018.8484338, 0.0035
29806018.8884338, 0.0035
29806018.9284338, 0.0035
29806018.9684338, 0.0035
29806019.0084338, 0.0035
29806019.0484338, 0.0035
29806019.0884338, 0.0035
29806019.1284338, 0.0035
29806019.1684338, 0.0035
29806019.2084338, 0.0035
29806019.2484338, 0.0035
29806019.2884338, 0.0035
29806019.3284338, 0.0035
29806019.3684338, 0.0035
29806019.4084338, 0.0035
29806019.4484338, 0.0035
29806019.4884338, 0.0035
29806019.5284338, 0.0035
29806019.5684338, 0.0035
29806019.6084338, 0.0035
29806019.6484338, 0.0035
29806019.6884338, 0.0035
29806019.7284338, 0.0035
29806019.7684338, 0.0035
29806019.8084338, 0.0035
29806019.8484338, 0.0035
29806019.8884338, 0.0035
29806019.9284338, 0.0035
29806019.9684338, 0.0035
29806020.0084338, 0.0035
29806020.0484338, 0.0035
29806020.0884338, 0.0035
29806020.1284338, 0.0035
29806020.1684338, 0.0035
29806020.2084338, 0.0035
29806020.2484338, 0.0035
29806020.2884338, 0.0035
29806020.3284338, 0.0035
29806020.3684338, 0.0035
29806020.4084338, 0.0035
29806020.4484338, 0.0035
29806020.4884338, 0.0035
29806020.5284338, 0.0035
29806020.5684338, 0.0035
29806020.6084338, 0.0035
29806020.6484338, 0.0035
29806020.6884338, 0.0035
29806020.7284338, 0.0035
29806020.7684338, 0.0035
29806020.8084337, 0.0035
29806020.8484337, 0.0035
29806020.8884337, 0.0035
29806020.9284337, 0.0035
29806020.9684337, 0.0035
29806021.0084337, 0.0035
29806021.0484337, 0.0035
29806021.0884337, 0.0035
29806021.1284337, 0.0035
29806021.1684337, 0.0035
29806021.2084337, 0.0035
29806021.2484337, 0.0035
29806021.2884337, 0.0035
29806021.3284337, 0.0035
29806021.3684337, 0.0035
29806021.4084337, 0.0035
29806021.4484337, 0.0035
29806021.4884337, 0.0035
29806021.5284337, 0.0035
29806021.5684337, 0.0035
29806021.6084337, 0.0035
29806021.6484337, 0.0035
29806021.6884337, 0.0035
29806021.7284337, 0.0035
29806021.7684337, 0.0035
29806021.8084337, 0.0035
29806021.8484337, 0.0035
29806021.8884337, 0.0035
29806021.9284337, 0.0035
29806021.9684337, 0.0035
29806022.0084337, 0.0035
29806022.0484337, 0.0035
29806022.0884337, 0.0035
29806022.1284337, 0.0035
29806022.1684337, 0.0035
29806022.2084337, 0.0035
29806022.2484337, 0.0035
29806022.2884337, 0.0035
29806022.3284337, 0.0035
29806022.3684337, 0.0035
29806022.4084337, 0.0035
29806022.4484337, 0.0035
29806022.4884337, 0.0035
29806022.5284337, 0.0035
29806022.5684337, 0.0035
29806022.6084337, 0.0035
29806022.6484337, 0.0035
29806022.6884337, 0.0035
29806022.7284337, 0.0035
29806022.7684337, 0.0035
29806022.8084337, 0.0035
29806022.8484337, 0.0035
29806022.8884337, 0.0035
29806022.9284337, 0.0035
29806022.9684337, 0.0035
29806023.0084337, 0.0035
29806023.0484337, 0.0035
29806023.0884337, 0.0035
29806023.1284337, 0.0035
29806023.1684337, 0.0035
29806023.2084337, 0.0035
29806023.2484337, 0.0035
29806023.2884337, 0.0035
29806023.3284337, 0.0035
29806023.3684337, 0.0035
29806023.4084337, 0.0035
29806023.4484337, 0.0035
29806023.4884337, 0.0035
29806023.5284337, 0.0035
29806023.5684337, 0.0035
29806023.6084337, 0.0035
29806023.6484337, 0.0035
29806023.6884337, 0.0035
29806023.7284337, 0.0035
29806023.7684337, 0.0035
29806023.8084337, 0.0035
29806023.8484337, 0.0035
29806023.8884337, 0.0035
29806023.9284337, 0.0035
29806023.9684337, 0.0035
29806024.0084337, 0.0035
29806024.0484337, 0.0035
29806024.0884337, 0.0035
29806024.1284337, 0.0035
29806024.1684337, 0.0035
29806024.2084337, 0.0035
29806024.2484337, 0.0035
29806024.2884337, 0.0035
29806024.3284337, 0.0035
29806024.3684337, 0.0035
29806024.4084337, 0.0035
29806024.4484337, 0.0035
29806024.4884337, 0.0035
29806024.5284337, 0.0035
29806024.5684337, 0.0035
29806024.6084337, 0.0035
29806024.6484337, 0.0035
29806024.6884337, 0.0035
29806024.7284337, 0.0035
29806024.7684337, 0.0035
29806024.8084337, 0.0035
29806024.8484337, 0.0035
29806024.8884337, 0.0035
29806024.9284337, 0.0035
29806024.9684337, 0.0035
29806025.0084337, 0.0035
29806025.0484337, 0.0035
29806025.0884337, 0.0035
29806025.1284337, 0.0035
29806025.1684337, 0.0035
29806025.2084337, 0.0035
29806025.2484337, 0.0035
29806025.2884336, 0.0035
29806025.3284336, 0.0035
29806025.3684336, 0.0035
29806025.4084336, 0.0035
29806025.4484336, 0.0035
29806025.4884336, 0.0035
29806025.5284336, 0.0035
29806025.5684336, 0.0035
29806025.6084336, 0.0035
29806025.6484336, 0.0035
29806025.6884336, 0.0035
29806025.7284336, 0.0035
29806025.7684336, 0.0035
29806025.8084336, 0.0035
29806025.8484336, 0.0035
29806025.8884336, 0.0035
29806025.9284336, 0.0035
29806025.9684336, 0.0035
29806026.0084336, 0.0035
29806026.0484336, 0.0035
29806026.0884336, 0.0035
29806026.1284336, 0.0035
29806026.1684336, 0.0035
29806026.2084336, 0.0035
29806026.2484336, 0.0035
29806026.2884336, 0.0035
29806026.3284336, 0.0035
29806026.3684336, 0.0035
29806026.4084336, 0.0035
29806026.4484336, 0.0035
29806026.4884336, 0.0035
29806026.5284336, 0.0035
29806026.5684336, 0.0035
29806026.6084336, 0.0035
29806026.6484336, 0.0035
29806026.6884336, 0.0035
29806026.7284336, 0.0035
29806026.7684336, 0.0035
29806026.8084336, 0.0035
29806026.8484336, 0.0035
29806026.8884336, 0.0035
29806026.9284336, 0.0035
29806026.9684336, 0.0035
29806027.0084336, 0.0035
29806027.0484336, 0.0035
29806027.0884336, 0.0035
29806027.1284336, 0.0035
29806027.1684336, 0.0035
29806027.2084336, 0.0035
29806027.2484336, 0.0035
29806027.2884336, 0.0035
29806027.3284336, 0.0035
29806027.3684336, 0.0035
29806027.4084336, 0.0035
29806027.4484336, 0.0035
29806027.4884336, 0.0035
29806027.5284336, 0.0035
29806027.5684336, 0.0035
29806027.6084336, 0.0035
29806027.6484336, 0.0035
29806027.6884336, 0.0035
29806027.7284336, 0.0035
29806027.7684336, 0.0035
29806027.8084336, 0.0035
29806027.8484336, 0.0035
29806027.8884336, 0.0035
29806027.9284336, 0.0035
29806027.9684336, 0.0035
29806028.0084336, 0.0035
29806028.0484336, 0.0035
29806028.0884336, 0.0035
29806028.1284336, 0.0035
29806028.1684336, 0.0035
29806028.2084336, 0.0035
29806028.2484336, 0.0035
29806028.2884336, 0.0035
29806028.3284336, 0.0035
29806028.3684336, 0.0035
29806028.4084336, 0.0035
29806028.4484336, 0.0035
29806028.4884336, 0.0035
29806028.5284336, 0.0035
29806028.5684336, 0.0035
29806028.6084336, 0.0035
29806028.6484336, 0.0035
29806028.6884336, 0.0035
29806028.7284336, 0.0035
29806028.7684336, 0.0035
29806028.8084336, 0.0035
29806028.8484336, 0.0035
29806028.8884336, 0.0035
29806028.9284336, 0.0035
29806028.9684336, 0.0035
29806029.0084336, 0.0035
29806029.0484336, 0.0035
29806029.0884336, 0.0035
29806029.1284336, 0.0035
29806029.1684336, 0.0035
29806029.2084336, 0.0035
29806029.2484336, 0.0035
29806029.2884336, 0.0035
29806029.3284336, 0.0035
29806029.3684336, 0.0035
29806029.4084336, 0.0035
29806029.4484336, 0.0035
29806029.4884336, 0.0035
29806029.5284336, 0.0035
29806029.5684336, 0.0035
29806029.6084336, 0.0035
29806029.6484336, 0.0035
29806029.6884336, 0.0035
29806029.7284335, 0.0035
29806029.7684335, 0.0035
29806029.8084335, 0.0035
29806029.8484335, 0.0035
29806029.8884335, 0.0035
29806029.9284335, 0.0035
29806029.9684335, 0.0035
29806030.0084335, 0.0035
29806030.0484335, 0.0035
29806030.0884335, 0.0035
29806030.1284335, 0.0035
29806030.1684335, 0.0035
29806030.2084335, 0.0035
29806030.2484335, 0.0035
29806030.2884335, 0.0035
29806030.3284335, 0.0035
29806030.3684335, 0.0035
29806030.4084335, 0.0035
29806030.4484335, 0.0035
29806030.4884335, 0.0035
29806030.5284335, 0.0035
29806030.5684335, 0.0035
29806030.6084335, 0.0035
29806030.6484335, 0.0035
29806030.6884335, 0.0035
29806030.7284335, 0.0035
29806030.7684335, 0.0035
29806030.8084335, 0.0035
29806030.8484335, 0.0035
29806030.8884335, 0.0035
29806030.9284335, 0.0035
29806030.9684335, 0.0035
29806031.0084335, 0.0035
29806031.0484335, 0.0035
29806031.0884335, 0.0035
29806031.1284335, 0.0035
29806031.1684335, 0.0035
29806031.2084335, 0.0035
29806031.2484335, 0.0035
29806031.2884335, 0.0035
29806031.3284335, 0.0035
29806031.3684335, 0.0035
29806031.4084335, 0.0035
29806031.4484335, 0.0035
29806031.4884335, 0.0035
29806031.5284335, 0.0035
29806031.5684335, 0.0035
29806031.6084335, 0.0035
29806031.6484335, 0.0035
29806031.6884335, 0.0035
29806031.7284335, 0.0035
29806031.7684335, 0.0035
29806031.8084335, 0.0035
29806031.8484335, 0.0035
29806031.8884335, 0.0035
29806031.9284335, 0.0035
29806031.9684335, 0.0035
29806032.0084335, 0.0035
29806032.0484335, 0.0035
29806032.0884335, 0.0035
29806032.1284335, 0.0035
29806032.1684335, 0.0035
29806032.2084335, 0.0035
29806032.2484335, 0.0035
29806032.2884335, 0.0035
29806032.3284335, 0.0035
29806032.3684335, 0.0035
29806032.4084335, 0.0035
29806032.4484335, 0.0035
29806032.4884335, 0.0035
29806032.5284335, 0.0035
29806032.5684335, 0.0035
29806032.6084335, 0.0035
29806032.6484335, 0.0035
29806032.6884335, 0.0035
29806032.7284335, 0.0035
29806032.7684335, 0.0035
29806032.8084335, 0.0035
29806032.8484335, 0.0035
29806032.8884335, 0.0035
29806032.9284335, 0.0035
29806032.9684335, 0.0035
29806033.0084335, 0.0035
29806033.0484335, 0.0035
29806033.0884335, 0.0035
29806033.1284335, 0.0035
29806033.1684335, 0.0035
29806033.2084335, 0.0035
29806033.2484335, 0.0035
29806033.2884335, 0.0035
29806033.3284335, 0.0035
29806033.3684335, 0.0035
29806033.4084335, 0.0035
29806033.4484335, 0.0035
29806033.4884335, 0.0035
29806033.5284335, 0.0035
29806033.5684335, 0.0035
29806033.6284335, 0.0035
29806033.6684335, 0.0035
29806033.7084335, 0.0035
29806033.7484335, 0.0035
29806033.7884335, 0.0035
29806033.8284335, 0.0035
29806033.8684335, 0.0035
29806033.9084335, 0.0035
29806033.9484335, 0.0035
29806033.9884335, 0.0035
29806034.0284335, 0.0035
29806034.0684335, 0.0035
29806034.1084335, 0.0035
29806034.1484335, 0.0035
29806034.1884335, 0.0035
29806034.2284334, 0.0035
29806034.2684334, 0.0035
29806034.3084334, 0.0035
29806034.3484334, 0.0035
29806034.3884334, 0.0035
29806034.4284334, 0.0035
29806034.4684334, 0.0035
29806034.5084334, 0.0035
29806034.5484334, 0.0035
29806034.5884334, 0.0035
29806034.6284334, 0.0035
29806034.6684334, 0.0035
29806034.7084334, 0.0035
29806034.7484334, 0.0035
29806034.7884334, 0.0035
29806034.8284334, 0.0035
29806034.8684334, 0.0035
29806034.9084334, 0.0035
29806034.9484334, 0.0035
29806034.9884334, 0.0035
29806035.0284334, 0.0035
29806035.0684334, 0.0035
29806035.1084334, 0.0035
29806035.1484334, 0.0035
29806035.1884334, 0.0035
29806035.2284334, 0.0035
29806035.2684334, 0.0035
29806035.3084334, 0.0035
29806035.3484334, 0.0035
29806035.3884334, 0.0035
29806035.4284334, 0.0035
29806035.4684334, 0.0035
29806035.5084334, 0.0035
29806035.5484334, 0.0035
29806035.5884334, 0.0035
29806035.6284334, 0.0035
29806035.6684334, 0.0035
29806035.7084334, 0.0035
29806035.7484334, 0.0035
29806035.7884334, 0.0035
29806035.8284334, 0.0035
29806035.8684334, 0.0035
29806035.9084334, 0.0035
29806035.9484334, 0.0035
29806035.9884334, 0.0035
29806036.0284334, 0.0035
29806036.0684334, 0.0035
29806036.1084334, 0.0035
29806036.1484334, 0.0035
29806036.1884334, 0.0035
29806036.2284334, 0.0035
29806036.2684334, 0.0035
29806036.3084334, 0.0035
29806036.3484334, 0.0035
29806036.3884334, 0.0035
29806036.4284334, 0.0035
29806036.4684334, 0.0035
29806036.5084334, 0.0035
29806036.5484334, 0.0035
29806036.5884334, 0.0035
29806036.6284334, 0.0035
29806036.6684334, 0.0035
29806036.7084334, 0.0035
29806036.7484334, 0.0035
29806036.7884334, 0.0035
29806036.8284334, 0.0035
29806036.8684334, 0.0035
29806036.9084334, 0.0035
29806036.9484334, 0.0035
29806036.9884334, 0.0035
29806037.0284334, 0.0035
29806037.0684334, 0.0035
29806037.1084334, 0.0035
29806037.1484334, 0.0035
29806037.1884334, 0.0035
29806037.2284334, 0.0035
29806037.2684334, 0.0035
29806037.3084334, 0.0035
29806037.3484334, 0.0035
29806037.3884334, 0.0035
29806037.4284334, 0.0035
29806037.4684334, 0.0035
29806037.5084334, 0.0035
29806037.5484334, 0.0035
29806037.5884334, 0.0035
29806037.6284334, 0.0035
29806037.6684334, 0.0035
29806037.7084334, 0.0035
29806037.7484334, 0.0035
29806037.7884334, 0.0035
29806037.8284334, 0.0035
29806037.8684334, 0.0035
29806037.9084334, 0.0035
29806037.9484334, 0.0035
29806037.9884334, 0.0035
29806038.0284334, 0.0035
29806038.0684334, 0.0035
29806038.1084334, 0.0035
29806038.1484334, 0.0035
29806038.1884334, 0.0035
29806038.2284334, 0.0035
29806038.2684334, 0.0035
29806038.3084334, 0.0035
29806038.3484334, 0.0035
29806038.3884334, 0.0035
29806038.4284334, 0.0035
29806038.4684334, 0.0035
29806038.5084334, 0.0035
29806038.5484334, 0.0035
29806038.5884334, 0.0035
29806038.6284334, 0.0035
29806038.6684334, 0.0035
29806038.7084333, 0.0035
29806038.7484333, 0.0035
29806038.7884333, 0.0035
29806038.8284333, 0.0035
29806038.8684333, 0.0035
29806038.9084333, 0.0035
29806038.9484333, 0.0035
29806038.9884333, 0.0035
29806039.0284333, 0.0035
29806039.0684333, 0.0035
29806039.1084333, 0.0035
29806039.1484333, 0.0035
29806039.1884333, 0.0035
29806039.2284333, 0.0035
29806039.2684333, 0.0035
29806039.3084333, 0.0035
29806039.3484333, 0.0035
29806039.3884333, 0.0035
29806039.4284333, 0.0035
29806039.4684333, 0.0035
29806039.5084333, 0.0035
29806039.5484333, 0.0035
29806039.5884333, 0.0035
29806039.6284333, 0.0035
29806039.6684333, 0.0035
29806039.7084333, 0.0035
29806039.7484333, 0.0035
29806039.7884333, 0.0035
29806039.8284333, 0.0035
29806039.8684333, 0.0035
29806039.9084333, 0.0035
29806039.9484333, 0.0035
29806039.9884333, 0.0035
29806040.0284333, 0.0035
29806040.0684333, 0.0035
29806040.1084333, 0.0035
29806040.1484333, 0.0035
29806040.1884333, 0.0035
29806040.2284333, 0.0035
29806040.2684333, 0.0035
29806040.3084333, 0.0035
29806040.3484333, 0.0035
29806040.3884333, 0.0035
29806040.4284333, 0.0035
29806040.4684333, 0.0035
29806040.5084333, 0.0035
29806040.5484333, 0.0035
29806040.5884333, 0.0035
29806040.6284333, 0.0035
29806040.6684333, 0.0035
29806040.7084333, 0.0035
29806040.7484333, 0.0035
29806040.7884333, 0.0035
29806040.8284333, 0.0035
29806040.8684333, 0.0035
29806040.9084333, 0.0035
29806040.9484333, 0.0035
29806040.9884333, 0.0035
29806041.0284333, 0.0035
29806041.0684333, 0.0035
29806041.1084333, 0.0035
29806041.1484333, 0.0035
29806041.1884333, 0.0035
29806041.2284333, 0.0035
29806041.2684333, 0.0035
29806041.3084333, 0.0035
29806041.3484333, 0.0035
29806041.3884333, 0.0035
29806041.4284333, 0.0035
29806041.4684333, 0.0035
29806041.5084333, 0.0035
29806041.5484333, 0.0035
29806041.5884333, 0.0035
29806041.6284333, 0.0035
29806041.6684333, 0.0035
29806041.7084333, 0.0035
29806041.7484333, 0.0035
29806041.7884333, 0.0035
29806041.8284333, 0.0035
29806041.8684333, 0.0035
29806041.9084333, 0.0035
29806041.9484333, 0.0035
29806041.9884333, 0.0035
29806042.0284333, 0.0035
29806042.0684333, 0.0035
29806042.1084333, 0.0035
29806042.1484333, 0.0035
29806042.1884333, 0.0035
29806042.2284333, 0.0035
29806042.2684333, 0.0035
29806042.3084333, 0.0035
29806042.3484333, 0.0035
29806042.3884333, 0.0035
29806042.4284333, 0.0035
29806042.4684333, 0.0035
29806042.5084333, 0.0035
29806042.5484333, 0.0035
29806042.5884333, 0.0035
29806042.6284333, 0.0035
29806042.6684333, 0.0035
29806042.7084333, 0.0035
29806042.7484333, 0.0035
29806042.7884333, 0.0035
29806042.8284333, 0.0035
29806042.8684333, 0.0035
29806042.9084333, 0.0035
29806042.9484333, 0.0035
29806042.9884333, 0.0035
29806043.0284333, 0.0035
29806043.0684333, 0.0035
29806043.1084333, 0.0035
29806043.1484332, 0.0035
29806043.1884332, 0.0035
29806043.2284332, 0.0035
29806043.2684332, 0.0035
29806043.3084332, 0.0035
29806043.3484332, 0.0035
29806043.3884332, 0.0035
29806043.4284332, 0.0035
29806043.4684332, 0.0035
29806043.5084332, 0.0035
29806043.5484332, 0.0035
29806043.5884332, 0.0035
29806043.6284332, 0.0035
29806043.6684332, 0.0035
29806043.7084332, 0.0035
29806043.7484332, 0.0035
29806043.7884332, 0.0035
29806043.8284332, 0.0035
29806043.8684332, 0.0035
29806043.9084332, 0.0035
29806043.9484332, 0.0035
29806043.9884332, 0.0035
29806044.0284332, 0.0035
29806044.0684332, 0.0035
29806044.1084332, 0.0035
29806044.1484332, 0.0035
29806044.1884332, 0.0035
29806044.2284332, 0.0035
29806044.2684332, 0.0035
29806044.3084332, 0.0035
29806044.3484332, 0.0035
29806044.3884332, 0.0035
29806044.4284332, 0.0035
29806044.4684332, 0.0035
29806044.5084332, 0.0035
29806044.5484332, 0.0035
29806044.5884332, 0.0035
29806044.6284332, 0.0035
29806044.6684332, 0.0035
29806044.7084332, 0.0035
29806044.7484332, 0.0035
29806044.7884332, 0.0035
29806044.8284332, 0.0035
29806044.8684332, 0.0035
29806044.9084332, 0.0035
29806044.9484332, 0.0035
29806044.9884332, 0.0035
29806045.0284332, 0.0035
29806045.0684332, 0.0035
29806045.1084332, 0.0035
29806045.1484332, 0.0035
29806045.1884332, 0.0035
29806045.2284332, 0.0035
29806045.2684332, 0.0035
29806045.3084332, 0.0035
29806045.3484332, 0.0035
29806045.3884332, 0.0035
29806045.4284332, 0.0035
29806045.4684332, 0.0035
29806045.5084332, 0.0035
29806045.5484332, 0.0035
29806045.5884332, 0.0035
29806045.6284332, 0.0035
29806045.6684332, 0.0035
29806045.7084332, 0.0035
29806045.7484332, 0.0035
29806045.7884332, 0.0035
29806045.8284332, 0.0035
29806045.8684332, 0.0035
29806045.9084332, 0.0035
29806045.9484332, 0.0035
29806045.9884332, 0.0035
29806046.0284332, 0.0035
29806046.0684332, 0.0035
29806046.1084332, 0.0035
29806046.1484332, 0.0035
29806046.1884332, 0.0035
29806046.2284332, 0.0035
29806046.2684332, 0.0035
29806046.3084332, 0.0035
29806046.3484332, 0.0035
29806046.3884332, 0.0035
29806046.4284332, 0.0035
29806046.4684332, 0.0035
29806046.5084332, 0.0035
29806046.5484332, 0.0035
29806046.5884332, 0.0035
29806046.6284332, 0.0035
29806046.6684332, 0.0035
29806046.7084332, 0.0035
29806046.7484332, 0.0035
29806046.7884332, 0.0035
29806046.8284332, 0.0035
29806046.8684332, 0.0035
29806046.9084332, 0.0035
29806046.9484332, 0.0035
29806046.9884332, 0.0035
29806047.0284332, 0.0035
29806047.0684332, 0.0035
29806047.1084332, 0.0035
29806047.1484332, 0.0035
29806047.1884332, 0.0035
29806047.2284332, 0.0035
29806047.2684332, 0.0035
29806047.3084332, 0.0035
29806047.3484332, 0.0035
29806047.3884332, 0.0035
29806047.4284332, 0.0035
29806047.4684332, 0.0035
29806047.5084332, 0.0035
29806047.5484332, 0.0035
29806047.5884332, 0.0035
29806047.6284331, 0.0035
29806047.6684331, 0.0035
29806047.7084331, 0.0035
29806047.7484331, 0.0035
29806047.7884331, 0.0035
29806047.8284331, 0.0035
29806047.8684331, 0.0035
29806047.9084331, 0.0035
29806047.9484331, 0.0035
29806047.9884331, 0.0035
29806048.0284331, 0.0035
29806048.0684331, 0.0035
29806048.1084331, 0.0035
29806048.1484331, 0.0035
29806048.1884331, 0.0035
29806048.2284331, 0.0035
29806048.2684331, 0.0035
29806048.3084331, 0.0035
29806048.3484331, 0.0035
29806048.3884331, 0.0035
29806048.4284331, 0.0035
29806048.4684331, 0.0035
29806048.5084331, 0.0035
29806048.5484331, 0.0035
29806048.5884331, 0.0035
29806048.6284331, 0.0035
29806048.6684331, 0.0035
29806048.7084331, 0.0035
29806048.7484331, 0.0035
29806048.7884331, 0.0035
29806048.8284331, 0.0035
29806048.8684331, 0.0035
29806048.9084331, 0.0035
29806048.9484331, 0.0035
29806048.9884331, 0.0035
29806049.0284331, 0.0035
29806049.0684331, 0.0035
29806049.1084331, 0.0035
29806049.1484331, 0.0035
29806049.1884331, 0.0035
29806049.2284331, 0.0035
29806049.2684331, 0.0035
29806049.3084331, 0.0035
29806049.3484331, 0.0035
29806049.3884331, 0.0035
29806049.4284331, 0.0035
29806049.4684331, 0.0035
29806049.5084331, 0.0035
29806049.5484331, 0.0035
29806049.5884331, 0.0035
29806049.6284331, 0.0035
29806049.6684331, 0.0035
29806049.7084331, 0.0035
29806049.7484331, 0.0035
29806049.7884331, 0.0035
29806049.8284331, 0.0035
29806049.8684331, 0.0035
29806049.9084331, 0.0035
29806049.9484331, 0.0035
29806049.9884331, 0.0035
29806050.0284331, 0.0035
29806050.0684331, 0.0035
29806050.1084331, 0.0035
29806050.1484331, 0.0035
29806050.1884331, 0.0035
29806050.2284331, 0.0035
29806050.2684331, 0.0035
29806050.3084331, 0.0035
29806050.3484331, 0.0035
29806050.3884331, 0.0035
29806050.4284331, 0.0035
29806050.4684331, 0.0035
29806050.5084331, 0.0035
29806050.5484331, 0.0035
29806050.5884331, 0.0035
29806050.6284331, 0.0035
29806050.6684331, 0.0035
29806050.7084331, 0.0035
29806050.7484331, 0.0035
29806050.7884331, 0.0035
29806050.8284331, 0.0035
29806050.8684331, 0.0035
29806050.9084331, 0.0035
29806050.9484331, 0.0035
29806050.9884331, 0.0035
29806051.0284331, 0.0035
29806051.0684331, 0.0035
29806051.1084331, 0.0035
29806051.1484331, 0.0035
29806051.1884331, 0.0035
29806051.2284331, 0.0035
29806051.2684331, 0.0035
29806051.3084331, 0.0035
29806051.3484331, 0.0035
29806051.3884331, 0.0035
29806051.4284331, 0.0035
29806051.4684331, 0.0035
29806051.5084331, 0.0035
29806051.5484331, 0.0035
29806051.5884331, 0.0035
29806051.6284331, 0.0035
29806051.6684331, 0.0035
29806051.7084331, 0.0035
29806051.7484331, 0.0035
29806051.7884331, 0.0035
29806051.8284331, 0.0035
29806051.8684331, 0.0035
29806051.9084331, 0.0035
29806051.9484331, 0.0035
29806051.9884331, 0.0035
29806052.0284331, 0.0035
29806052.0684331, 0.0035
29806052.108433, 0.0035
29806052.148433, 0.0035
29806052.188433, 0.0035
29806052.228433, 0.0035
29806052.268433, 0.0035
29806052.308433, 0.0035
29806052.348433, 0.0035
29806052.388433, 0.0035
29806052.428433, 0.0035
29806052.468433, 0.0035
29806052.508433, 0.0035
29806052.548433, 0.0035
29806052.588433, 0.0035
29806052.628433, 0.0035
29806052.668433, 0.0035
29806052.708433, 0.0035
29806052.748433, 0.0035
29806052.788433, 0.0035
29806052.828433, 0.0035
29806052.868433, 0.0035
29806052.908433, 0.0035
29806052.948433, 0.0035
29806052.988433, 0.0035
29806053.028433, 0.0035
29806053.068433, 0.0035
29806053.108433, 0.0035
29806053.148433, 0.0035
29806053.188433, 0.0035
29806053.228433, 0.0035
29806053.268433, 0.0035
29806053.308433, 0.0035
29806053.348433, 0.0035
29806053.388433, 0.0035
29806053.428433, 0.0035
29806053.468433, 0.0035
29806053.508433, 0.0035
29806053.548433, 0.0035
29806053.588433, 0.0035
29806053.628433, 0.0035
29806053.668433, 0.0035
29806053.708433, 0.0035
29806053.748433, 0.0035
29806053.788433, 0.0035
29806053.828433, 0.0035
29806053.868433, 0.0035
29806053.908433, 0.0035
29806053.948433, 0.0035
29806053.988433, 0.0035
29806054.028433, 0.0035
29806054.068433, 0.0035
29806054.108433, 0.0035
29806054.148433, 0.0035
29806054.188433, 0.0035
29806054.228433, 0.0035
29806054.268433, 0.0035
29806054.308433, 0.0035
29806054.348433, 0.0035
29806054.388433, 0.0035
29806054.428433, 0.0035
29806054.468433, 0.0035
29806054.508433, 0.0035
29806054.548433, 0.0035
29806054.588433, 0.0035
29806054.628433, 0.0035
29806054.668433, 0.0035
29806054.708433, 0.0035
29806054.748433, 0.0035
29806054.788433, 0.0035
29806054.828433, 0.0035
29806054.868433, 0.0035
29806054.908433, 0.0035
29806054.948433, 0.0035
29806054.988433, 0.0035
29806055.028433, 0.0035
29806055.068433, 0.0035
29806055.108433, 0.0035
29806055.148433, 0.0035
29806055.188433, 0.0035
29806055.228433, 0.0035
29806055.268433, 0.0035
29806055.308433, 0.0035
29806055.348433, 0.0035
29806055.388433, 0.0035
29806055.428433, 0.0035
29806055.468433, 0.0035
29806055.508433, 0.0035
29806055.548433, 0.0035
29806055.588433, 0.0035
29806055.628433, 0.0035
29806055.668433, 0.0035
29806055.708433, 0.0035
29806055.748433, 0.0035
29806055.788433, 0.0035
29806055.828433, 0.0035
29806055.868433, 0.0035
29806055.908433, 0.0035
29806055.948433, 0.0035
29806055.988433, 0.0035
29806056.028433, 0.0035
29806056.068433, 0.0035
29806056.108433, 0.0035
29806056.148433, 0.0035
29806056.188433, 0.0035
29806056.228433, 0.0035
29806056.268433, 0.0035
29806056.308433, 0.0035
29806056.348433, 0.0035
29806056.388433, 0.0035
29806056.428433, 0.0035
29806056.468433, 0.0035
29806056.508433, 0.0035
29806056.548433, 0.0035
29806056.5884329, 0.0035
29806056.6284329, 0.0035
29806056.6684329, 0.0035
29806056.7084329, 0.0035
29806056.7484329, 0.0035
29806056.7884329, 0.0035
29806056.8284329, 0.0035
29806056.8684329, 0.0035
29806056.9084329, 0.0035
29806056.9484329, 0.0035
29806056.9884329, 0.0035
29806057.0284329, 0.0035
29806057.0684329, 0.0035
29806057.1084329, 0.0035
29806057.1484329, 0.0035
29806057.1884329, 0.0035
29806057.2284329, 0.0035
29806057.2684329, 0.0035
29806057.3084329, 0.0035
29806057.3484329, 0.0035
29806057.3884329, 0.0035
29806057.4284329, 0.0035
29806057.4684329, 0.0035
29806057.5084329, 0.0035
29806057.5484329, 0.0035
29806057.5884329, 0.0035
29806057.6284329, 0.0035
29806057.6684329, 0.0035
29806057.7084329, 0.0035
29806057.7484329, 0.0035
29806057.7884329, 0.0035
29806057.8284329, 0.0035
29806057.8684329, 0.0035
29806057.9084329, 0.0035
29806057.9484329, 0.0035
29806057.9884329, 0.0035
29806058.0284329, 0.0035
29806058.0684329, 0.0035
29806058.1084329, 0.0035
29806058.1484329, 0.0035
29806058.1884329, 0.0035
29806058.2284329, 0.0035
29806058.2684329, 0.0035
29806058.3084329, 0.0035
29806058.3484329, 0.0035
29806058.3884329, 0.0035
29806058.4284329, 0.0035
29806058.4684329, 0.0035
29806058.5084329, 0.0035
29806058.5484329, 0.0035
29806058.5884329, 0.0035
29806058.6284329, 0.0035
29806058.6684329, 0.0035
29806058.7084329, 0.0035
29806058.7484329, 0.0035
29806058.7884329, 0.0035
29806058.8284329, 0.0035
29806058.8684329, 0.0035
29806058.9084329, 0.0035
29806058.9484329, 0.0035
29806058.9884329, 0.0035
29806059.0284329, 0.0035
29806059.0684329, 0.0035
29806059.1084329, 0.0035
29806059.1484329, 0.0035
29806059.1884329, 0.0035
29806059.2284329, 0.0035
29806059.2684329, 0.0035
29806059.3084329, 0.0035
29806059.3484329, 0.0035
29806059.3884329, 0.0035
29806059.4284329, 0.0035
29806059.4684329, 0.0035
29806059.5084329, 0.0035
29806059.5484329, 0.0035
29806059.5884329, 0.0035
29806059.6284329, 0.0035
29806059.6684329, 0.0035
29806059.7084329, 0.0035
29806059.7484329, 0.0035
29806059.7884329, 0.0035
29806059.8284329, 0.0035
29806059.8684329, 0.0035
29806059.9084329, 0.0035
29806059.9484329, 0.0035
29806059.9884329, 0.0035
29806060.0284329, 0.0035
29806060.0684329, 0.0035
29806060.1084329, 0.0035
29806060.1484329, 0.0035
29806060.1884329, 0.0035
29806060.2284329, 0.0035
29806060.2684329, 0.0035
29806060.3084329, 0.0035
29806060.3484329, 0.0035
29806060.3884329, 0.0035
29806060.4284329, 1.56679797292339E-05
29806060.4684329, 1.53431253892743E-05
29806060.5084329, 1.48631177363577E-05
29806060.5484329, 1.42638066105544E-05
29806060.5884329, 1.32699739204731E-05
29806060.6284329, 1.21351066134115E-05
29806060.6684329, 1.08934414678018E-05
29806060.7084329, 9.52194424522752E-06
29806060.7484329, 8.22393422634151E-06
29806060.7884329, 6.73613349675067E-06
29806060.8284329, 5.31171207615379E-06
29806060.8684329, 3.74857428485539E-06
29806060.9084329, 2.18980886326316E-06
29806060.9484329, 7.59004173738937E-07
29806060.9884329, 1.17083933665777E-06
29806061.0284329, 2.66141229579132E-06
29806061.0684328, 4.17045869163239E-06
29806061.1084328, 5.61788009217011E-06
29806061.1484328, 7.00599226883681E-06
29806061.1884328, 8.25258108177479E-06
29806061.2284328, 9.49700087814149E-06
29806061.2684328, 1.06209205858583E-05
29806061.3084328, 1.16597902716269E-05
29806061.3484328, 1.25290332211126E-05
29806061.3884328, 1.34564816349159E-05
29806061.4284328, 1.41927626744923E-05
29806061.4684328, 1.48441898309387E-05
29806061.5084328, 1.53992621251771E-05
29806061.5484328, 1.59166602204538E-05
29806061.5884328, 3.22164578314845E-05
29806061.6284328, 4.88142417236914E-05
29806061.6684328, 6.5494433186534E-05
29806061.7084328, 8.19714954956606E-05
29806061.7484328, 9.81023840957093E-05
29806061.7884328, 1.57497382382717E-05
29806061.8284328, 1.53336643094271E-05
29806061.8684328, 1.48710492956153E-05
29806061.9084328, 1.43135583814144E-05
29806061.9484328, 1.38399973242006E-05
29806061.9884328, 1.3236498312525E-05
29806062.0284328, 1.26208552130447E-05
29806062.0684328, 1.20776302747281E-05
29806062.1084328, 1.14401187500353E-05
29806062.1484328, 1.09339688040084E-05
29806062.1884328, 1.04290296484761E-05
29806062.2284328, 9.88886766965208E-06
29806062.2684328, 9.26521971217152E-06
29806062.3084328, 8.63052980416372E-06
29806062.3484328, 8.04380447697376E-06
29806062.3884328, 7.44597476764171E-06
29806062.4284328, 6.78808135179739E-06
29806062.4684328, 6.24997805482986E-06
29806062.5084328, 5.70065563870086E-06
29806062.5484328, 5.11559591728005E-06
29806062.5884328, 4.69777561998876E-06
29806062.6284328, 4.12460354834125E-06
29806062.6684328, 3.62359601932649E-06
29806062.7084328, 3.15873149975765E-06
29806062.7484328, 2.65882183768542E-06
29806062.7884328, 2.08639340715835E-06
29806062.8284328, 1.70525893040505E-06
29806062.8684328, 1.38317526480916E-06
29806062.9084328, 1.08556095877161E-06
29806062.9484328, 8.47023846536993E-07
29806062.9884328, 5.9706251645173E-07
29806063.0284328, 3.59046543478982E-07
29806063.0684328, 1.70747138460423E-07
29806063.1084328, 5.47687375736665E-08
29806063.1484328, 1.49778315754134E-07
29806063.1884328, 1.96308352938634E-07
29806063.2284328, 2.5547060200113E-07
29806063.2684328, 3.26254008722347E-07
29806063.3084328, 3.2646234150987E-07
29806063.3484328, 3.15442277347856E-07
29806063.3884328, 3.04343343734887E-07
29806063.4284328, 2.46965040944777E-07
29806063.4684328, 1.605585561004E-07
29806063.5084328, 8.23411803060872E-08
29806063.5484328, 1.20578356932833E-07
29806063.5884328, 2.45587588149495E-07
29806063.6284328, 4.18690174733574E-07
29806063.6684328, 6.46916584832734E-06
29806063.7084328, 3.24315457560857E-07
29806063.7484328, 1.33609291374048E-07
29806063.7884328, 6.9517028081243E-08
29806063.8284328, 2.54743283881166E-07
29806063.8684328, 3.94480754137159E-07
29806063.9084328, 6.54043545233219E-07
29806063.9484328, 7.24899587756706E-07
29806063.9884328, 9.62951230321888E-07
29806064.0284328, 9.98134662024815E-07
29806064.0684328, 1.10549345293188E-06
29806064.1084328, 1.22438399113853E-06
29806064.1484328, 1.2596587574057E-06
29806064.1884328, 1.24733765823765E-06
29806064.2284328, 1.3661264911857E-06
29806064.2684328, 1.38975432537781E-06
29806064.3084328, 1.42486514392313E-06
29806064.3484328, 1.49601964206934E-06
29806064.3884328, 1.51949857738879E-06
29806064.4284328, 1.51842919881697E-06
29806064.4684328, 1.57788072979947E-06
29806064.5084328, 1.54066378869226E-06
29806064.5484328, 1.51636748961486E-06
29806064.5884328, 1.53958992057878E-06
29806064.6284328, 1.52673618715571E-06
29806064.6684328, 1.56137709287888E-06
29806064.7084328, 1.50083223423411E-06
29806064.7484328, 1.49931797597086E-06
29806064.7884328, 1.52226072434808E-06
29806064.8284328, 1.42549613144769E-06
29806064.8684328, 1.32866343785252E-06
29806064.9084328, 1.31538230230669E-06
29806064.9484328, 1.30204627044605E-06
29806064.9884328, 1.15747081986583E-06
29806065.0284328, 1.07193127780041E-06
29806065.0684328, 9.63280692224212E-07
29806065.1084328, 8.66093863804524E-07
29806065.1484328, 7.21296847078369E-07
29806065.1884328, 6.24027117322759E-07
29806065.2284328, 4.79098469273303E-07
29806065.2684328, 3.09598323878601E-07
29806065.3084328, 2.00594101240267E-07
29806065.3484328, 4.42561755747383E-08
29806065.3884328, 1.73280762085612E-07
29806065.4284328, 3.90538640110229E-07
29806065.4684328, 4.88229085418139E-07
29806065.5084328, 6.81102769674434E-07
29806065.5484327, 9.46113205664249E-07
29806065.5884327, 1.10306420567202E-06
29806065.6284327, 1.33214691800608E-06
29806065.6684327, 2.43640104114279E-06
29806065.7084327, 1.48055173950001E-06
29806065.7484327, 1.3277573547382E-06
29806065.7884327, 1.21115163828548E-06
29806065.8284327, 1.0110462850377E-06
29806065.8684327, 8.58628505974616E-07
29806065.9084327, 6.47267009657123E-07
29806065.9484327, 4.59273493709421E-07
29806065.9884327, 3.07715515394367E-07
29806066.0284327, 1.58858003347917E-07
29806066.0684327, 9.57422715774903E-08
29806066.1084327, 1.01216761018971E-07
29806066.1484327, 2.00725986954221E-07
29806066.1884327, 3.98131039868018E-07
29806066.2284327, 5.02032150188086E-07
29806066.2684327, 6.17474074641167E-07
29806066.3084327, 7.21518906535051E-07
29806066.3484327, 7.53750645747586E-07
29806066.3884327, 8.21833648111161E-07
29806066.4284327, 9.01339399600799E-07
29806066.4684327, 9.69331792678353E-07
29806066.5084327, 1.00134942764296E-06
29806066.5484327, 1.0692132564696E-06
29806066.5884327, 1.10115689054883E-06
29806066.6284327, 1.08566325318635E-06
29806066.6684327, 1.22526854864157E-06
29806066.7084327, 1.20965126379603E-06
29806066.7484327, 1.194001093042E-06
29806066.7884327, 1.22570529497068E-06
29806066.8284327, 1.1985391749078E-06
29806066.8684327, 1.2301151829823E-06
29806066.9084327, 1.2616084939076E-06
29806066.9484327, 1.17397948073437E-06
29806066.9884327, 1.13566454214949E-06
29806067.0284327, 1.03668877596917E-06
29806067.0684327, 1.02076632573673E-06
29806067.1084327, 8.75487013290043E-07
29806067.1484327, 7.89226963562281E-07
29806067.1884327, 6.09611586097104E-07
29806067.2284327, 5.47904827776557E-07
29806067.2684327, 4.0719850667563E-07
29806067.3084327, 2.43748095796209E-07
29806067.3484327, 1.42699234880084E-07
29806067.3884327, 2.20497902966228E-07
29806067.4284327, 3.57553327354237E-07
29806067.4684327, 5.65788164768256E-07
29806067.5084327, 7.09599946892518E-07
29806067.5484327, 1.02001510313095E-06
29806067.5884327, 1.24950077394491E-06
29806067.6284327, 1.443684271085E-06
29806067.6684327, 1.66255385078679E-06
29806067.7084327, 1.84582634321639E-06
29806067.7484327, 1.73215518375347E-06
29806067.7884327, 1.61863070692366E-06
29806067.8284327, 1.44520190937389E-06
29806067.8684327, 1.33219075965232E-06
29806067.9084327, 1.20808787982157E-06
29806067.9484327, 1.02478025363204E-06
29806067.9884327, 9.95477681474403E-07
29806068.0284327, 8.84397382003004E-07
29806068.0684327, 7.74277666182051E-07
29806068.1084327, 7.57147237171851E-07
29806068.1484327, 6.48845069875721E-07
29806068.1884327, 5.53847525752043E-07
29806068.2284327, 4.83820223922467E-07
29806068.2684327, 4.36855382983559E-07
29806068.3084327, 4.12563308254731E-07
29806068.3484327, 3.59664704654191E-07
29806068.3884327, 3.66577608996884E-07
29806068.4284327, 3.27216788294332E-07
29806068.4684327, 3.42424369370399E-07
29806068.5084327, 3.8570521797995E-07
29806068.5484327, 3.63825495461059E-07
29806068.5884327, 4.20117774582442E-07
29806068.6284327, 4.76517079018764E-07
29806068.6684327, 4.93239360462551E-07
29806068.7084327, 4.99945549060514E-07
29806068.7484327, 5.58806762381367E-07
29806068.7884327, 6.18712435937877E-07
29806068.8284327, 6.36062399294171E-07
29806068.8684327, 7.30606438112002E-07
29806068.9084327, 7.81811670835761E-07
29806068.9484327, 8.44325966271983E-07
29806068.9884327, 9.87437923237473E-07
29806069.0284327, 1.12174829413604E-06
29806069.0684327, 1.30243510566625E-06
29806069.1084327, 1.37812889235147E-06
29806069.1484327, 1.56021457464273E-06
29806069.1884327, 1.79002953157388E-06
29806069.2284327, 1.92623842264889E-06
29806069.2684327, 2.15704333550799E-06
29806069.3084327, 2.3524270595751E-06
29806069.3484327, 2.6197021600303E-06
29806069.3884327, 2.85147261641369E-06
29806069.4284327, 3.03605642307864E-06
29806069.4684327, 3.38737092661941E-06
29806069.5084327, 3.62000284039521E-06
29806069.5484327, 3.86395138954592E-06
29806069.5884327, 4.21585658429705E-06
29806069.6284327, 4.4959821557249E-06
29806069.6684327, 4.75321815999644E-06
29806069.7084327, 4.98613425179638E-06
29806069.7484327, 4.92153143395282E-06
29806069.7884327, 4.77378949340184E-06
29806069.8284327, 4.69808171383447E-06
29806069.8684327, 4.59783927284362E-06
29806069.9084327, 4.58112000961928E-06
29806069.9484327, 4.43359749036842E-06
29806069.9884327, 4.3580696621915E-06
29806070.0284326, 4.37755633752787E-06
29806070.0684326, 4.23038889797293E-06
29806070.1084326, 4.33340925373943E-06
29806070.1484326, 4.22235198198484E-06
29806070.1884326, 4.2062845720312E-06
29806070.2284326, 4.0596090290977E-06
29806070.2684326, 4.1157837116603E-06
29806070.3084326, 4.08850245440326E-06
29806070.3484326, 4.14457562326397E-06
29806070.3884326, 4.12897298892497E-06
29806070.4284326, 4.14930843957384E-06
29806070.4684326, 4.13388129456326E-06
29806070.5084326, 4.23763016435843E-06
29806070.5484326, 4.29444429583879E-06
29806070.5884326, 4.32659777779617E-06
29806070.6284326, 4.38326026375401E-06
29806070.6684326, 4.41564274644241E-06
29806070.7084326, 4.50831153754663E-06
29806070.7484326, 4.481964280085E-06
29806070.7884326, 4.59778711247968E-06
29806070.8284326, 4.66665137279313E-06
29806070.8684326, 4.77151258362957E-06
29806070.9084326, 4.82872758876125E-06
29806070.9484326, 4.88601056535271E-06
29806070.9884326, 5.04968819327405E-06
29806071.0284326, 5.23786331960907E-06
29806071.0684326, 5.41464984128616E-06
29806071.1084326, 5.49527184491097E-06
29806071.1484326, 5.73119178150977E-06
29806071.1884326, 5.94447821430798E-06
29806071.2284326, 6.02538120182649E-06
29806071.2684326, 6.33353040097058E-06
29806071.3084326, 6.53393836635752E-06
29806071.3484326, 6.77045214012186E-06
29806071.3884326, 6.97112016236474E-06
29806071.4284326, 7.1490724939719E-06
29806071.4684326, 7.38588577397446E-06
29806071.5084326, 7.6228385749455E-06
29806071.5484326, 7.97933169067778E-06
29806071.5884326, 8.21672719784801E-06
29806071.6284326, 8.50169072633329E-06
29806071.6684326, 8.81125710740418E-06
29806071.7084326, 9.04883014312221E-06
29806071.7484326, 8.833353213878E-06
29806071.7884326, 8.75037207393915E-06
29806071.8284326, 8.70213969697257E-06
29806071.8684326, 8.51151088355948E-06
29806071.9084326, 8.45221325795488E-06
29806071.9484326, 8.42881305634093E-06
29806071.9884326, 8.25015806904967E-06
29806072.0284326, 8.2631236642428E-06
29806072.0684326, 8.12068166341535E-06
29806072.1084326, 8.10925190402659E-06
29806072.1484326, 7.96701114039925E-06
29806072.1884326, 8.01616935784371E-06
29806072.2284326, 7.92186653163008E-06
29806072.2684326, 7.89932987630965E-06
29806072.3084326, 7.85247785020015E-06
29806072.3484326, 7.79419813646947E-06
29806072.3884326, 7.81939690039199E-06
29806072.4284326, 7.83317827636703E-06
29806072.4684326, 7.85882696683169E-06
29806072.5084326, 7.84835289261352E-06
29806072.5484326, 7.88542448143033E-06
29806072.5884326, 7.89976841244213E-06
29806072.6284326, 7.96142776742341E-06
29806072.6684326, 8.03468218396743E-06
29806072.7084326, 8.09672028100145E-06
29806072.7484326, 8.13446865582789E-06
29806072.7884326, 8.24392625736323E-06
29806072.8284326, 8.35366651360427E-06
29806072.8684326, 8.46351423672681E-06
29806072.9084326, 8.48981771073951E-06
29806072.9484326, 8.61109024839997E-06
29806072.9884326, 8.75686142403535E-06
29806073.0284326, 8.87832977586777E-06
29806073.0684326, 9.01276221719804E-06
29806073.1084326, 9.15880975709068E-06
29806073.1484326, 9.36412617639479E-06
29806073.1884326, 9.58084080566625E-06
29806073.2284326, 9.67968209096627E-06
29806073.2684326, 9.83778589011224E-06
29806073.3084326, 1.00434945211693E-05
29806073.3484326, 1.04043929097328E-05
29806073.3884326, 1.05510863751659E-05
29806073.4284326, 1.07453100379743E-05
29806073.4684326, 1.10230953720498E-05
29806073.5084326, 1.12767267326324E-05
29806073.5484326, 1.14352877035282E-05
29806073.5884326, 1.17493438833512E-05
29806073.6284326, 1.20390767152236E-05
29806073.6684326, 1.2365033822016E-05
29806073.7084326, 2.92024817873984E-05
29806073.7484326, 1.25999934089596E-05
29806073.7884326, 1.25333317843517E-05
29806073.8284326, 1.23475002081489E-05
29806073.8684326, 1.22094900610794E-05
29806073.9084326, 1.21549437692446E-05
29806073.9484326, 1.19695433412028E-05
29806073.9884326, 1.1962901431551E-05
29806074.0284326, 1.18137322367399E-05
29806074.0684326, 1.18071492842543E-05
29806074.1084326, 1.1753389838908E-05
29806074.1484326, 1.168802566427E-05
29806074.1884326, 1.16343026519448E-05
29806074.2284326, 1.15807020964538E-05
29806074.2684326, 1.15746746909218E-05
29806074.3084326, 1.15212764342757E-05
29806074.3484326, 1.14566682065951E-05
29806074.3884326, 1.15345520763898E-05
29806074.4284326, 1.14814892546237E-05
29806074.4684325, 1.14644758714661E-05
29806074.5084325, 1.15426564594744E-05
29806074.5484325, 1.15617705637293E-05
29806074.5884325, 1.15450488891366E-05
29806074.6284325, 1.15873754497633E-05
29806074.6684325, 1.16659448901267E-05
29806074.7084325, 1.16971587187862E-05
29806074.7484325, 1.18116722200183E-05
29806074.7884325, 1.18428632839459E-05
29806074.8284325, 1.19577302965074E-05
29806074.8684325, 1.20725053649403E-05
29806074.9084325, 1.21873609877927E-05
29806074.9484325, 1.23025449066723E-05
29806074.9884325, 1.24537071816837E-05
29806075.0284325, 1.24610343915252E-05
29806075.0684325, 1.2576259103622E-05
29806075.1084325, 1.28585754245785E-05
29806075.1484325, 1.29855351774001E-05
29806075.1884325, 1.31256559484592E-05
29806075.2284325, 1.32527826602289E-05
29806075.2684325, 1.34993929924138E-05
29806075.3084325, 1.36987607047086E-05
29806075.3484325, 1.39342187365467E-05
29806075.3884325, 1.4097690112417E-05
29806075.4284325, 1.43562115506745E-05
29806075.4684325, 1.45558197987205E-05
29806075.5084325, 1.47670704888512E-05
29806075.5484325, 1.50389947322619E-05
29806075.5884325, 1.53700118583483E-05
29806075.6284325, 1.56650397690092E-05
29806075.6684325, 1.59011333958232E-05
29806075.7084325, 3.20499989336158E-05
29806075.7484325, 4.82324375172626E-05
29806075.7884325, 6.43653706731005E-05
29806075.8284325, 1.59525609081182E-05
29806075.8684325, 1.59034050473508E-05
29806075.9084325, 1.57234525455498E-05
29806075.9484325, 1.56744175334201E-05
29806075.9884325, 1.55895350955426E-05
29806076.0284325, 1.55047856917685E-05
29806076.0684325, 1.53971125102221E-05
29806076.1084325, 1.53960391902063E-05
29806076.1484325, 1.53001244529809E-05
29806076.1884325, 1.52877527491587E-05
29806076.2284325, 1.51561095378141E-05
29806076.2684325, 1.51556714969711E-05
29806076.3084325, 1.51797666913215E-05
29806076.3484325, 1.50959735797585E-05
29806076.3884325, 1.50841958268415E-05
29806076.4284325, 1.5120119613543E-05
29806076.4684325, 1.51085357966189E-05
29806076.5084325, 1.51562028015653E-05
29806076.5484325, 1.51563617534488E-05
29806076.5884325, 1.51335611005426E-05
29806076.6284325, 1.52174950118713E-05
29806076.6684325, 1.52179425678336E-05
29806076.7084325, 1.53380244181028E-05
29806076.7484325, 1.54105651963711E-05
29806076.7884325, 1.5411444985583E-05
29806076.8284325, 1.54841950516807E-05
29806076.8684325, 1.56160039945387E-05
29806076.9084325, 1.57250437425716E-05
29806076.9484325, 1.57736544213788E-05
29806076.9884325, 1.58943881300423E-05
29806077.0284325, 3.1909588472164E-05
29806077.0684325, 4.81291540902984E-05
29806077.1084325, 6.44697365690352E-05
29806077.1484325, 8.09788293799691E-05
29806077.1884325, 9.75615883476928E-05
29806077.2284325, 0.000114444034746496
29806077.2684325, 0.000131483813887206
29806077.3084325, 0.000148692543881052
29806077.3484325, 0.00016615369340366
29806077.3884325, 0.000183867370983528
29806077.4284325, 0.000201786177985376
29806077.4684325, 0.000219957554059767
29806077.5084325, 0.000238309714804518
29806077.5484325, 0.000256950713240383
29806077.5884325, 0.000275964127954772
